479,183
479,218
118,5
479,182
479,217
479,216
479,259
61,4
479,186
479,162
479,184
479,215
61,7
479,265
479,51
479,163
43,11
43,10
43,9
43,8
43,7
43,6
43,5
43,4
43,1
43,3
0,374
43,0
61,1
61,3
0,445
0,376
61,0
479,214
0,340
479,1
479,3
0,423
479,0
0,310
0,305
423,1
423,3
423,0
422,1
422,3
422,0
421,1
421,3
421,0
420,1
420,3
420,0
419,1
419,3
419,0
418,1
418,3
418,0
417,1
417,3
417,0
416,1
416,3
416,0
415,1
415,3
415,0
414,1
414,3
414,0
412,1
412,3
412,0
413,1
413,3
0,459
413,0
408,1
408,3
408,0
407,1
407,3
407,0
406,1
406,3
406,0
405,1
405,3
405,0
404,1
404,3
404,0
403,1
403,3
403,0
402,1
402,3
402,0
401,1
401,3
401,0
400,1
400,3
400,0
399,1
399,3
399,0
398,1
398,3
0,480
0,413
398,0
0,341
0,9
0,379
0,324
0,489
0,468
0,455
0,450
0,446
0,432
0,467
0,453
0,452
0,463
0,462
0,342
0,308
0,304
0,303
0,302
0,307
0,444
0,12
0,373
0,10
0,476
0,8
0,0
0,377
0,300
0,392
0,299
0,390
0,298
0,435
0,297
0,506
0,296
0,358
0,295
0,508
0,294
0,366
0,293
0,487
0,292
0,437
0,291
0,290
0,326
0,289
0,301
0,288
0,357
0,287
0,363
0,286
0,418
0,285
0,427
0,284
0,388
0,283
0,511
0,282
0,281
0,354
0,280
0,279
0,405
0,278
0,429
0,277
0,415
0,276
43,12
43,13
43,15
0,243
0,318
0,319
0,331
0,344
0,351
0,359
0,364
0,372
0,380
0,382
0,411
0,422
0,436
0,439
0,442
0,447
0,448
0,451
0,454
0,457
0,460
0,464
0,466
0,469
0,473
0,474
0,477
0,479
0,483
0,485
0,488
0,494
0,496
0,502
0,504
0,505
1,0
1,1
1,3
1,5
1,6
2,0
2,1
2,3
2,5
2,6
2,8
2,9
2,11
2,13
2,14
2,16
2,17
2,19
2,20
2,22
2,24
2,25
2,27
2,28
2,30
2,32
2,33
2,35
2,64
2,66
2,67
2,69
2,71
2,72
2,74
2,75
2,77
2,79
2,80
2,82
2,83
2,85
2,86
2,88
2,90
2,91
2,93
2,94
2,96
2,98
2,99
2,101
2,102
2,104
2,106
2,107
2,109
2,110
2,112
2,113
2,115
2,117
2,118
2,120
2,128
3,1
3,3
3,4
3,6
4,0
4,2
4,3
24,1
24,3
24,4
24,6
24,7
24,9
25,1
25,2
25,4
25,5
25,7
25,8
25,10
25,12
25,13
25,15
25,16
25,18
25,20
25,21
25,23
25,24
26,1
26,2
26,4
26,6
26,7
26,9
26,10
26,12
26,14
26,15
26,17
26,18
26,20
26,22
26,23
27,0
27,1
27,3
27,4
27,6
27,8
27,9
27,11
27,12
27,14
27,16
27,17
27,19
27,20
27,22
27,23
27,25
28,1
28,2
28,4
28,5
28,7
29,1
29,2
29,4
30,0
30,2
30,3
30,5
31,0
31,1
31,3
31,4
32,1
32,3
32,4
32,6
32,7
33,0
33,2
33,3
33,5
33,6
34,0
34,1
34,3
34,5
35,0
35,2
35,3
35,5
35,7
36,0
36,2
36,3
36,5
36,6
36,8
37,0
37,1
37,3
37,4
38,0
38,2
38,3
39,0
39,1
39,3
39,4
40,1
40,3
40,4
41,0
41,1
41,3
41,5
42,0
42,2
42,3
42,5
43,2
44,1
44,3
44,4
45,1
45,2
45,4
45,6
45,7
46,0
46,1
46,3
47,1
47,2
47,4
48,0
48,2
48,3
48,5
49,0
49,1
49,3
49,4
49,6
50,0
50,1
50,3
50,4
50,6
51,0
51,2
51,4
51,5
51,7
52,0
52,2
52,4
52,5
53,1
53,2
53,4
53,5
54,1
54,3
54,4
54,6
55,0
55,2
55,4
55,5
56,1
56,2
56,4
56,6
57,0
57,2
57,3
57,5
57,6
58,1
58,3
58,4
58,6
59,0
59,2
59,4
60,0
60,2
60,3
61,2
61,6
61,9
61,10
61,12
62,0
62,2
62,4
62,5
62,7
62,8
62,10
62,11
62,13
62,15
62,16
62,18
63,0
63,2
63,4
63,5
64,1
64,2
64,4
64,6
65,0
65,2
65,3
66,0
66,1
66,3
67,0
67,1
67,3
67,4
67,6
67,8
68,0
68,2
68,3
68,5
68,6
69,1
69,3
69,4
69,6
70,0
70,2
70,4
70,5
71,0
71,1
71,3
71,4
71,6
72,0
72,1
72,3
72,4
72,6
73,0
73,1
73,3
73,4
73,6
73,7
74,1
74,3
74,4
74,6
74,7
75,0
75,2
75,3
75,5
76,0
76,2
76,4
76,5
77,0
77,1
77,3
78,0
78,2
78,4
78,5
78,7
78,8
78,10
79,0
79,1
79,3
79,4
79,6
80,0
80,2
80,4
80,5
81,0
81,1
81,3
81,5
81,6
82,1
82,2
82,4
82,5
83,0
83,2
83,3
83,5
83,6
83,8
83,10
84,0
84,2
84,3
84,5
84,7
84,8
84,10
84,11
84,13
84,14
84,16
84,18
84,19
84,21
84,22
84,24
84,26
84,27
84,29
84,30
84,32
84,33
84,35
84,37
84,38
85,0
85,1
85,3
85,5
85,6
86,1
86,2
86,4
86,5
87,1
87,3
88,0
88,2
88,3
89,1
89,3
89,4
90,1
90,2
90,4
90,5
90,7
91,1
91,2
91,4
91,5
91,7
91,9
92,0
92,2
92,3
93,0
93,2
93,3
94,0
94,1
94,3
94,4
95,1
95,3
95,4
95,6
95,7
96,1
96,3
96,4
96,6
97,0
97,2
97,3
98,0
98,2
98,3
99,1
99,2
100,0
100,2
100,3
101,0
101,1
101,3
102,0
102,2
102,4
103,0
103,2
103,3
104,0
104,2
104,3
105,0
105,1
105,3
106,0
106,1
106,3
107,0
107,2
107,3
108,1
108,3
108,4
109,1
109,2
109,4
110,1
110,2
110,4
111,0
111,2
111,3
112,0
112,2
112,3
113,0
113,1
113,3
114,0
114,1
114,3
114,4
115,0
115,1
115,3
115,5
115,6
116,0
116,1
116,3
116,5
116,6
117,1
117,2
117,4
117,5
118,1
118,3
118,4
118,6
118,7
118,9
118,11
119,0
119,2
119,3
119,5
119,7
119,8
120,0
120,1
120,3
120,4
120,6
120,8
120,9
121,1
121,2
121,4
121,6
121,7
121,9
122,0
122,2
122,3
122,5
122,7
122,8
122,10
122,11
122,13
122,15
122,16
122,18
123,0
123,2
123,3
123,5
123,7
123,8
123,10
123,11
124,0
124,2
124,3
125,0
125,1
125,3
125,5
125,6
126,1
126,2
127,0
127,1
127,3
127,5
128,0
128,2
128,3
128,5
128,7
129,0
129,2
129,3
130,0
130,1
130,3
130,5
130,6
131,0
131,1
131,3
131,5
132,0
132,2
132,3
132,5
133,0
133,2
133,4
133,5
134,0
134,1
134,3
134,5
135,0
135,2
135,3
136,0
136,2
136,3
136,5
136,6
137,1
137,2
137,4
138,0
138,1
138,3
138,4
139,1
139,3
139,4
140,0
140,1
140,3
140,4
141,0
141,2
141,3
142,1
142,2
142,4
143,0
143,1
143,3
143,4
144,0
144,1
144,3
144,5
145,0
145,2
145,3
145,5
146,1
146,2
146,4
147,0
147,2
147,3
148,1
148,3
148,4
148,6
148,7
148,9
148,11
148,12
149,1
149,2
149,4
150,0
150,1
150,3
150,4
151,0
151,1
151,3
152,1
152,2
153,0
153,1
153,3
154,1
154,2
154,4
155,0
155,2
155,3
156,0
156,2
156,3
156,5
156,6
157,1
157,3
157,4
157,6
158,0
158,2
158,3
158,5
159,1
159,2
159,4
160,0
160,2
160,4
160,5
160,7
160,8
160,10
160,12
160,13
160,15
161,0
161,2
161,3
161,5
161,7
162,0
162,2
162,3
162,5
163,1
163,2
163,4
163,5
163,7
163,8
164,1
164,3
164,4
165,0
165,1
165,3
166,0
166,1
166,3
166,4
166,6
167,0
167,2
168,0
168,1
168,3
169,0
169,2
169,4
169,5
169,7
169,8
170,0
170,1
170,3
170,5
171,0
171,2
171,3
171,5
172,0
172,1
172,3
173,0
173,2
173,4
173,5
174,1
174,2
174,4
174,5
174,7
175,1
175,2
175,4
175,5
176,1
176,3
177,0
177,2
177,3
177,5
177,6
178,0
178,2
178,3
178,5
178,6
179,1
179,3
179,4
180,1
180,2
180,4
180,5
181,0
181,2
181,3
181,5
181,6
182,1
182,3
182,4
183,1
183,2
183,4
183,6
183,7
184,1
184,2
184,4
184,5
185,0
185,2
185,3
185,5
185,6
186,0
186,2
186,3
187,0
187,1
187,3
187,4
188,0
188,2
188,3
189,0
189,1
189,3
189,5
189,6
190,1
190,2
190,4
190,5
191,0
191,2
191,3
191,5
191,6
192,1
192,3
192,4
193,1
193,2
193,4
193,5
194,0
194,2
194,3
195,0
195,1
195,3
195,5
196,0
196,2
196,3
196,5
197,1
197,2
197,4
198,0
198,2
198,3
198,5
199,1
199,2
199,4
200,0
200,2
200,4
200,5
201,1
201,2
201,4
202,0
202,2
202,4
203,0
203,2
203,3
203,5
203,7
204,0
204,2
204,3
204,5
204,6
205,1
205,3
206,0
206,2
206,3
206,5
207,1
207,2
207,4
207,5
208,1
208,3
209,0
209,2
209,3
210,0
210,1
210,3
211,0
211,1
211,3
211,4
212,1
212,3
212,4
213,1
213,2
213,4
214,0
214,2
214,4
215,0
215,2
215,3
215,5
216,1
216,2
216,4
216,5
216,7
217,0
217,2
217,4
218,0
218,2
218,3
219,1
219,3
219,4
220,1
220,2
220,4
221,0
221,1
221,3
221,4
221,6
222,0
222,2
222,4
223,0
223,2
223,3
224,0
224,2
224,3
224,5
224,6
225,1
225,2
225,4
226,0
226,1
226,3
226,4
227,0
227,2
227,3
227,5
227,6
228,1
228,2
228,4
229,0
229,1
229,3
229,4
229,6
230,1
230,2
230,4
231,0
231,2
231,3
231,5
232,0
232,1
232,3
232,4
233,0
233,2
233,3
233,5
233,6
234,1
234,3
234,4
235,0
235,1
235,3
235,4
236,0
236,2
236,3
236,5
236,6
236,8
237,0
237,1
237,3
237,4
238,1
238,2
238,4
239,0
239,1
239,3
239,4
240,1
240,3
240,4
241,0
241,1
241,3
241,4
242,1
242,3
242,4
242,6
242,7
243,0
243,2
243,3
244,1
244,2
244,4
245,1
245,2
245,4
245,5
245,7
246,0
246,2
246,4
247,0
247,2
247,3
247,5
248,0
248,1
248,3
248,4
249,0
249,1
249,3
250,0
250,1
250,3
250,4
251,1
251,3
251,4
252,1
252,2
252,4
252,5
253,0
253,2
253,3
254,0
254,1
254,3
255,0
255,1
255,3
255,4
256,1
256,2
256,4
257,1
257,2
257,4
258,0
258,2
258,4
259,0
259,2
259,3
260,0
260,2
260,3
261,0
261,1
261,3
261,4
262,1
262,3
262,4
263,1
263,2
263,4
264,1
264,2
264,4
265,0
265,2
265,3
266,0
266,2
266,3
266,5
267,0
267,2
267,4
268,0
268,2
268,3
268,5
269,0
269,2
269,4
270,0
270,2
270,3
271,0
271,2
271,3
272,0
272,1
272,3
272,5
273,0
273,2
273,3
273,5
273,6
273,8
274,1
274,2
274,4
274,5
274,7
275,1
275,2
275,4
275,5
275,7
276,0
276,2
276,4
276,5
277,1
277,2
277,4
277,6
278,0
278,2
278,3
278,5
278,6
279,1
279,3
279,4
280,1
280,2
280,4
280,6
280,7
281,1
281,2
281,4
281,5
282,1
282,3
283,0
283,2
283,3
284,0
284,2
284,3
285,0
285,1
285,3
285,5
285,6
286,0
286,1
286,3
286,4
286,6
287,0
287,1
287,3
287,4
287,6
288,0
288,1
288,3
288,4
289,1
289,2
289,4
290,1
290,2
290,4
290,5
291,0
291,2
291,3
292,0
292,1
292,3
292,4
293,0
293,2
293,3
294,0
294,1
294,3
294,5
295,0
295,2
295,3
296,0
296,2
296,3
297,0
297,1
297,3
297,4
298,0
298,2
298,3
298,5
299,0
299,2
299,4
299,5
300,1
300,2
300,4
300,5
301,0
301,2
301,3
301,5
301,6
302,1
302,3
302,4
303,0
303,1
303,3
303,4
304,1
304,3
304,4
305,1
305,2
305,4
305,6
306,0
306,2
306,3
306,5
306,7
306,8
307,0
307,1
307,3
307,4
307,6
308,1
308,2
308,4
308,5
309,0
309,2
309,3
309,5
309,6
310,1
310,2
310,4
310,6
311,0
311,2
311,3
312,0
312,2
312,3
312,5
312,6
313,0
313,1
313,3
313,5
313,6
314,1
314,2
314,4
315,1
315,2
315,4
315,5
316,0
316,1
316,3
317,0
317,1
317,3
317,4
318,1
318,3
318,4
319,0
319,1
319,3
320,1
320,2
320,4
321,0
321,2
321,3
321,5
321,7
321,8
322,1
322,2
322,4
323,0
323,1
323,3
323,4
324,1
324,2
324,4
325,1
325,2
325,4
326,0
326,2
326,4
327,0
327,2
327,3
327,5
328,0
328,2
328,4
328,5
328,7
329,0
329,2
329,4
329,5
330,1
330,2
330,4
331,0
331,1
331,3
331,4
331,6
332,0
332,2
332,4
332,5
333,0
333,1
333,3
334,0
334,1
334,3
334,4
335,1
335,2
335,4
335,6
336,0
336,2
336,3
337,0
337,2
337,3
337,5
337,6
338,0
338,1
338,3
339,0
339,1
339,3
339,4
340,0
340,2
340,3
341,0
341,1
341,3
341,4
342,1
342,3
342,4
342,6
342,7
343,1
343,3
343,4
344,0
344,1
344,3
345,0
345,1
345,3
345,4
345,6
346,0
346,2
346,4
346,5
346,7
346,8
347,1
347,3
347,4
348,0
348,1
348,3
348,4
349,1
349,3
349,4
350,0
350,1
350,3
351,0
351,1
351,3
351,4
352,0
352,1
352,3
353,0
353,1
353,3
353,4
354,1
354,3
354,4
355,1
355,2
355,4
355,6
355,7
356,1
356,2
356,4
356,5
357,1
357,3
357,4
357,6
358,0
358,2
358,4
358,5
359,1
359,2
359,4
359,5
360,0
360,2
360,3
360,5
361,0
361,2
361,4
361,5
362,0
362,1
362,3
362,4
363,0
363,2
363,3
364,0
364,1
364,3
365,1
365,2
365,4
365,5
366,0
366,1
366,3
366,5
367,0
367,2
367,3
368,0
368,2
368,3
369,0
369,1
369,3
369,5
370,0
370,2
370,3
370,5
371,0
371,2
371,4
372,0
372,2
372,3
373,0
373,2
373,3
373,5
374,0
374,2
374,3
375,1
375,3
375,4
376,1
376,2
376,4
376,6
377,0
377,2
377,3
377,5
377,6
378,1
378,3
378,4
379,0
379,1
379,3
379,5
379,6
380,1
380,2
380,4
380,6
380,7
381,0
381,1
381,3
381,4
381,6
382,1
382,2
382,4
382,5
383,1
383,3
383,4
384,0
384,1
384,3
384,4
385,1
385,3
385,4
386,0
386,1
386,3
387,0
387,1
387,3
387,4
388,1
388,2
388,4
388,6
389,0
389,2
389,3
389,5
390,1
390,2
390,4
391,0
391,2
391,4
391,5
392,1
392,2
392,4
392,5
392,7
393,0
393,1
393,3
393,4
394,1
394,3
394,4
394,6
395,0
395,2
395,3
395,5
396,1
396,2
396,4
397,0
397,2
397,4
398,2
398,5
398,6
399,2
400,2
401,2
402,2
402,4
402,6
403,2
404,2
405,2
405,4
406,4
406,5
406,7
407,2
408,2
408,5
409,0
409,2
409,3
410,0
410,2
410,3
410,5
412,2
412,5
413,2
414,2
416,2
417,2
419,2
420,2
422,2
424,0
424,1
424,3
424,4
424,6
425,1
425,2
425,4
426,0
426,2
426,3
426,5
426,7
426,8
426,10
426,11
427,1
427,3
427,4
427,6
428,0
428,2
428,3
428,5
429,0
429,1
429,3
429,4
430,1
430,3
430,4
431,0
431,1
431,3
431,5
431,6
432,1
432,2
432,4
432,5
433,1
433,3
433,4
434,0
434,1
434,3
435,0
435,1
435,3
435,4
436,0
436,1
436,3
437,1
437,2
437,4
437,5
437,7
438,1
438,2
439,0
439,1
439,3
440,0
440,2
440,4
440,5
441,0
441,1
441,3
441,5
441,6
442,1
442,2
442,4
443,0
443,2
443,4
443,5
444,0
444,1
444,3
444,5
445,0
445,2
445,3
445,5
446,1
446,2
446,4
446,5
447,1
447,2
448,0
448,2
448,3
449,0
449,1
449,3
449,5
450,0
450,2
450,3
450,5
450,6
451,0
451,2
451,3
451,5
452,0
452,2
452,4
452,5
453,1
453,2
454,0
454,1
454,3
454,5
455,0
455,2
455,3
456,0
456,2
456,3
456,5
457,0
457,2
457,4
457,5
458,1
458,2
458,4
458,5
459,1
459,3
459,4
460,0
460,1
460,3
460,5
461,0
461,2
461,3
462,0
462,1
462,3
463,0
463,1
463,3
463,4
464,0
464,2
464,3
464,5
465,0
465,2
465,3
465,5
466,1
466,2
466,4
467,0
467,2
468,0
468,1
468,3
468,4
468,6
468,7
469,1
469,3
469,4
470,1
470,2
470,4
471,1
471,2
471,4
472,0
472,2
472,4
473,0
473,2
473,3
473,5
474,0
474,2
474,4
475,0
475,2
475,3
476,0
476,2
476,3
477,0
477,1
477,3
477,4
478,1
478,3
478,4
479,4
479,5
479,7
479,9
479,10
479,12
479,13
479,15
479,16
479,18
479,20
479,21
479,23
479,24
479,26
479,28
479,29
479,31
479,32
479,34
479,36
479,37
479,39
479,40
479,42
479,43
479,45
479,47
479,48
479,50
479,53
479,55
479,56
479,58
479,59
479,61
479,62
479,64
479,66
479,67
479,69
479,70
479,72
479,74
479,75
479,77
479,78
479,80
479,81
479,83
479,85
479,86
479,88
479,89
479,91
479,93
479,94
479,96
479,97
479,99
479,101
479,102
479,104
479,105
479,107
479,108
479,110
479,112
479,113
479,115
479,116
479,128
479,130
479,131
479,133
479,134
479,136
479,137
479,139
479,141
479,142
479,144
479,145
479,147
479,149
479,150
479,152
479,153
479,155
479,156
479,158
479,160
479,161
479,164
479,166
479,168
479,169
479,171
479,172
479,174
479,175
479,177
479,179
479,180
479,185
479,193
479,194
479,196
479,197
479,199
479,201
479,202
479,204
479,205
479,207
479,208
479,210
479,212
479,213
479,257
479,258
479,260
479,262
479,263
479,264
479,261
479,256
479,211
479,209
479,206
479,203
479,200
479,198
479,195
479,192
479,181
479,178
479,176
479,173
479,170
479,167
479,165
479,159
479,157
479,154
479,151
479,148
479,146
479,143
479,140
479,138
479,135
479,132
479,129
479,117
479,114
479,111
479,109
479,106
479,103
479,100
479,98
479,95
479,92
479,90
479,87
479,84
479,82
479,79
479,76
479,73
479,71
479,68
479,65
479,63
479,60
479,57
479,54
479,52
479,49
479,46
479,44
479,41
479,38
479,35
479,33
479,30
479,27
479,25
479,22
479,19
479,17
479,14
479,11
479,8
479,6
479,2
478,2
478,0
477,2
476,4
476,1
475,4
475,1
474,3
474,1
473,4
473,1
472,3
472,1
471,3
471,0
470,3
470,0
469,2
469,0
468,5
468,2
467,3
467,1
466,3
466,0
465,4
465,1
464,4
464,1
463,5
463,2
462,4
462,2
461,4
461,1
460,4
460,2
459,5
459,2
459,0
458,3
458,0
457,3
457,1
456,4
456,1
455,4
455,1
454,4
454,2
453,3
453,0
452,3
452,1
451,4
451,1
450,7
450,4
450,1
449,4
449,2
448,4
448,1
447,3
447,0
446,3
446,0
445,4
445,1
444,4
444,2
443,6
443,3
443,1
442,3
442,0
441,4
441,2
440,6
440,3
440,1
439,2
438,3
438,0
437,6
437,3
437,0
436,2
435,5
435,2
434,4
434,2
433,5
433,2
433,0
432,3
432,0
431,4
431,2
430,5
430,2
430,0
429,2
428,6
428,4
428,1
427,5
427,2
427,0
426,9
426,6
426,4
426,1
425,3
425,0
424,5
424,2
423,2
421,2
418,2
415,2
412,6
412,4
410,4
410,1
409,4
409,1
408,4
407,4
406,6
406,2
404,4
403,4
402,5
401,4
400,4
398,7
398,4
397,3
397,1
396,3
396,0
395,4
395,1
394,5
394,2
394,0
393,2
392,8
392,6
392,3
392,0
391,3
391,1
390,3
390,0
389,4
389,1
388,5
388,3
388,0
387,2
386,4
386,2
385,5
385,2
385,0
384,2
383,5
383,2
383,0
382,3
382,0
381,5
381,2
380,8
380,5
380,3
380,0
379,4
379,2
378,5
378,2
378,0
377,4
377,1
376,5
376,3
376,0
375,2
375,0
374,1
373,4
373,1
372,4
372,1
371,3
371,1
370,4
370,1
369,4
369,2
368,4
368,1
367,4
367,1
366,4
366,2
365,6
365,3
365,0
364,2
363,4
363,1
362,5
362,2
361,6
361,3
361,1
360,4
360,1
359,6
359,3
359,0
358,3
358,1
357,5
357,2
357,0
356,3
356,0
355,5
355,3
355,0
354,2
354,0
353,2
352,4
352,2
351,5
351,2
350,4
350,2
349,5
349,2
349,0
348,2
347,5
347,2
347,0
346,6
346,3
346,1
345,5
345,2
344,4
344,2
343,5
343,2
343,0
342,5
342,2
342,0
341,2
340,4
340,1
339,5
339,2
338,4
338,2
337,7
337,4
337,1
336,4
336,1
335,5
335,3
335,0
334,2
333,4
333,2
332,6
332,3
332,1
331,5
331,2
330,5
330,3
330,0
329,3
329,1
328,6
328,3
328,1
327,4
327,1
326,3
326,1
325,3
325,0
324,3
324,0
323,2
322,5
322,3
322,0
321,6
321,4
321,1
320,3
320,0
319,2
318,5
318,2
318,0
317,2
316,4
316,2
315,6
315,3
315,0
314,3
314,0
313,4
313,2
312,7
312,4
312,1
311,4
311,1
310,5
310,3
310,0
309,4
309,1
308,6
308,3
308,0
307,5
307,2
306,9
306,6
306,4
306,1
305,5
305,3
305,0
304,2
304,0
303,2
302,5
302,2
302,0
301,4
301,1
300,6
300,3
300,0
299,3
299,1
298,4
298,1
297,5
297,2
296,4
296,1
295,4
295,1
294,4
294,2
293,4
293,1
292,5
292,2
291,4
291,1
290,6
290,3
290,0
289,3
289,0
288,2
287,7
287,5
287,2
286,7
286,5
286,2
285,7
285,4
285,2
284,4
284,1
283,4
283,1
282,2
282,0
281,3
281,0
280,5
280,3
280,0
279,2
279,0
278,4
278,1
277,5
277,3
277,0
276,3
276,1
275,6
275,3
275,0
274,6
274,3
274,0
273,7
273,4
273,1
272,4
272,2
271,4
271,1
270,4
270,1
269,3
269,1
268,4
268,1
267,3
267,1
266,4
266,1
265,4
265,1
264,3
264,0
263,3
263,0
262,2
262,0
261,2
260,4
260,1
259,4
259,1
258,3
258,1
257,3
257,0
256,3
256,0
255,2
254,4
254,2
253,4
253,1
252,6
252,3
252,0
251,2
251,0
250,2
249,4
249,2
248,5
248,2
247,6
247,4
247,1
246,3
246,1
245,6
245,3
245,0
244,3
244,0
243,1
242,8
242,5
242,2
242,0
241,2
240,5
240,2
240,0
239,2
238,5
238,3
238,0
237,2
236,9
236,7
236,4
236,1
235,5
235,2
234,5
234,2
234,0
233,4
233,1
232,5
232,2
231,6
231,4
231,1
230,3
230,0
229,5
229,2
228,5
228,3
228,0
227,4
227,1
226,5
226,2
225,5
225,3
225,0
224,4
224,1
223,4
223,1
222,3
222,1
221,5
221,2
220,5
220,3
220,0
219,2
219,0
218,1
217,3
217,1
216,6
216,3
216,0
215,4
215,1
214,3
214,1
213,3
213,0
212,2
212,0
211,2
210,4
210,2
209,4
209,1
208,2
208,0
207,3
207,0
206,4
206,1
205,2
205,0
204,4
204,1
203,6
203,4
203,1
202,3
202,1
201,3
201,0
200,3
200,1
199,3
199,0
198,4
198,1
197,3
197,0
196,4
196,1
195,4
195,2
194,4
194,1
193,6
193,3
193,0
192,2
192,0
191,4
191,1
190,6
190,3
190,0
189,4
189,2
188,4
188,1
187,5
187,2
186,4
186,1
185,7
185,4
185,1
184,6
184,3
184,0
183,5
183,3
183,0
182,2
182,0
181,4
181,1
180,6
180,3
180,0
179,2
179,0
178,4
178,1
177,7
177,4
177,1
176,2
176,0
175,3
175,0
174,6
174,3
174,0
173,3
173,1
172,2
171,6
171,4
171,1
170,4
170,2
169,9
169,6
169,3
169,1
168,2
167,3
167,1
166,5
166,2
165,4
165,2
164,5
164,2
164,0
163,6
163,3
163,0
162,4
162,1
161,6
161,4
161,1
160,14
160,11
160,9
160,6
160,3
160,1
159,3
159,0
158,4
158,1
157,5
157,2
157,0
156,4
156,1
155,4
155,1
154,3
154,0
153,2
152,3
152,0
151,2
150,5
150,2
149,5
149,3
149,0
148,10
148,8
148,5
148,2
148,0
147,1
146,3
146,0
145,4
145,1
144,4
144,2
143,5
143,2
142,5
142,3
142,0
141,1
140,5
140,2
139,5
139,2
139,0
138,2
137,5
137,3
137,0
136,4
136,1
135,4
135,1
134,4
134,2
133,6
133,3
133,1
132,4
132,1
131,4
131,2
130,7
130,4
130,2
129,4
129,1
128,6
128,4
128,1
127,4
127,2
126,3
126,0
125,4
125,2
124,4
124,1
123,12
123,9
123,6
123,4
123,1
122,17
122,14
122,12
122,9
122,6
122,4
122,1
121,8
121,5
121,3
121,0
120,7
120,5
120,2
119,9
119,6
119,4
119,1
118,10
118,8
118,2
118,0
117,3
117,0
116,4
116,2
115,7
115,4
115,2
114,5
114,2
113,4
113,2
112,4
112,1
111,4
111,1
110,3
110,0
109,3
109,0
108,2
108,0
107,1
106,2
105,4
105,2
104,4
104,1
103,4
103,1
102,3
102,1
101,2
100,4
100,1
99,3
99,0
98,1
97,4
97,1
96,5
96,2
96,0
95,5
95,2
95,0
94,2
93,4
93,1
92,4
92,1
91,8
91,6
91,3
91,0
90,6
90,3
90,0
89,2
89,0
88,1
87,2
87,0
86,3
86,0
85,4
85,2
84,39
84,36
84,34
84,31
84,28
84,25
84,23
84,20
84,17
84,15
84,12
84,9
84,6
84,4
84,1
83,9
83,7
83,4
83,1
82,6
82,3
82,0
81,4
81,2
80,6
80,3
80,1
79,5
79,2
78,11
78,9
78,6
78,3
78,1
77,2
76,6
76,3
76,1
75,4
75,1
74,8
74,5
74,2
74,0
73,5
73,2
72,7
72,5
72,2
71,7
71,5
71,2
70,6
70,3
70,1
69,5
69,2
69,0
68,4
68,1
67,7
67,5
67,2
66,4
66,2
65,4
65,1
64,5
64,3
64,0
63,3
63,1
62,17
62,14
62,12
62,9
62,6
62,3
62,1
61,11
61,8
61,5
60,4
60,1
59,3
59,1
58,5
58,2
58,0
57,4
57,1
56,5
56,3
56,0
55,3
55,1
54,5
54,2
54,0
53,3
53,0
52,3
52,1
51,6
51,3
51,1
50,5
50,2
49,7
49,5
49,2
48,6
48,4
48,1
47,3
47,0
46,2
45,8
45,5
45,3
45,0
44,2
44,0
42,4
42,1
41,4
41,2
40,5
40,2
40,0
39,2
38,4
38,1
37,5
37,2
36,9
36,7
36,4
36,1
35,6
35,4
35,1
34,4
34,2
33,7
33,4
33,1
32,8
32,5
32,2
32,0
31,2
30,6
30,4
30,1
29,3
29,0
28,6
28,3
28,0
27,24
27,21
27,18
27,15
27,13
27,10
27,7
27,5
27,2
26,24
26,21
26,19
26,16
26,13
26,11
26,8
26,5
26,3
26,0
25,22
25,19
25,17
25,14
25,11
25,9
25,6
25,3
25,0
24,8
24,5
24,2
24,0
4,1
3,5
3,2
3,0
2,119
2,116
2,114
2,111
2,108
2,105
2,103
2,100
2,97
2,95
2,92
2,89
2,87
2,84
2,81
2,78
2,76
2,73
2,70
2,68
2,65
2,34
2,31
2,29
2,26
2,23
2,21
2,18
2,15
2,12
2,10
2,7
2,4
2,2
1,7
1,4
1,2
0,507
0,503
0,495
0,492
0,484
0,478
0,475
0,472
0,465
0,458
0,456
0,449
0,443
0,441
0,434
0,401
0,375
0,368
0,352
0,335
0,322
0,306
43,14
0,347
0,275
0,274
0,346
0,273
0,404
0,272
0,309
0,271
0,421
0,270
0,332
0,269
0,371
0,268
0,343
0,267
0,314
0,266
0,350
0,265
0,325
0,264
0,410
0,263
0,348
0,262
0,438
0,261
0,386
0,260
0,402
0,259
0,387
0,258
0,320
0,257
0,329
0,256
0,381
0,255
0,317
0,254
0,498
0,253
0,398
0,252
0,412
0,251
0,385
0,250
0,365
0,249
0,323
0,248
0,362
0,247
0,501
0,246
0,430
0,245
0,510
0,244
0,481
0,242
0,416
0,241
0,337
0,240
0,470
0,239
0,426
0,238
0,237
0,500
0,236
0,389
0,235
0,497
0,234
0,360
0,233
0,232
0,425
0,231
0,403
0,230
0,428
0,229
0,370
0,228
0,313
0,227
0,338
0,226
0,409
0,225
0,394
0,224
0,312
0,223
0,336
0,222
0,419
0,221
0,321
0,220
0,509
0,219
0,408
0,218
0,378
0,217
0,355
0,216
0,215
0,493
0,214
0,424
0,213
0,406
0,212
0,353
0,211
0,316
0,210
0,209
0,384
0,208
0,383
0,207
0,399
0,206
0,499
0,205
0,417
0,204
0,400
0,203
0,311
0,202
0,345
0,201
0,356
0,200
0,339
0,199
0,198
0,330
0,197
0,361
0,196
0,349
0,195
0,440
0,194
0,369
0,193
0,333
0,192
0,486
0,63
0,397
0,62
0,391
0,61
0,328
0,60
0,471
0,59
0,482
0,58
0,396
0,57
0,407
0,56
0,461
0,55
0,395
0,54
0,420
0,53
0,491
0,52
0,367
0,51
0,433
0,50
0,414
0,49
0,315
0,48
0,327
0,47
0,490
0,46
0,334
0,45
0,393
0,6
0,5
0,1
0,431
0,11
0,4
0,2
0,3
0,7
